Sequence	Method	Ka	Ks	Ka/Ks	P-Value(Fisher)	Length	S-Sites	N-Sites	Fold-Sites(0:2:4)	Substitutions	Syn-Subs	Nonsyn-Subs	Fold-Syn-Subs(0:2:4)	Fold-Nonsyn-Subs(0:2:4)	Divergence-Distance	Substitution-Rate-Ratio(rTC:rAG:rTA:rCG:rTG:rCA/rCA)	GC(1:2:3)	ML-Score	AICc	Akaike-Weight	Model	kingdom
Eukaryota_ABCF2_11820-Eukaryota_ABCF2_12584	MA	0.048184	4.80937	0.0100188	0	1692	324.969	1367.03	NA	349	334.886	14.114	NA	NA	0.962627	0.422321:0.868169:0.384576:0.397156:0.513402:1	0.506501(0.550532:0.340426:0.628546)	-3046.08	NA	NA	NA	eukaryotes
Eukaryota_ABCF2_11857-Eukaryota_ABCF2_12077	MA	0.00663044	0.380098	0.017444	5.18666e-77	1872	424.696	1447.3	NA	131	123.649	7.35058	NA	NA	0.0913579	1.89733:1.32047:0.949761:0.733106:1.21572:1	0.519231(0.572115:0.348558:0.637019)	-2842.02	NA	NA	NA	eukaryotes
Eukaryota_ABCF2_11873-Eukaryota_ABCF2_12560	MA	0.0242262	0.692681	0.0349745	3.41474e-111	1872	466.733	1405.27	NA	219	198.136	20.8644	NA	NA	0.190888	2.72781:1.96913:0.941819:0.971777:1.06646:1	0.517628(0.574519:0.340545:0.637821)	-3048.68	NA	NA	NA	eukaryotes
Eukaryota_ABCF2_11874-Eukaryota_ABCF2_12265	MA	0.0122112	0.768148	0.015897	9.22304e-122	1875	425.181	1449.82	NA	196	185.922	10.0782	NA	NA	0.18363	3.87955:3.78235:2.54656:2.52301:0.788579:1	0.5328(0.5832:0.3496:0.6656)	-2948.15	NA	NA	NA	eukaryotes
Eukaryota_ABCF2_118-Eukaryota_ABCF2_13082	MA	0.0204358	3.5911	0.00569068	1.23809e-265	1743	372.382	1370.62	NA	313	306.579	6.42146	NA	NA	0.783286	1.32219:1.49656:1.0908:0.987635:1.02104:1	0.506885(0.567986:0.334768:0.6179)	-2962.54	NA	NA	NA	eukaryotes
Eukaryota_ABCF2_12177-Eukaryota_ABCF2_13183	MA	0.0121268	0.26326	0.0460641	5.3122e-45	1692	402.761	1289.24	NA	102	88.8927	13.1073	NA	NA	0.0719063	1.7129:1.54968:1.13653:1.05117:0.736612:1	0.498522(0.562943:0.339539:0.593085)	-2589.61	NA	NA	NA	eukaryotes
Eukaryota_ABCF2_12179-Eukaryota_ABCF2_13152	MA	0.00950465	0.327907	0.0289858	3.31096e-60	1746	404.187	1341.81	NA	116	105.818	10.1825	NA	NA	0.0832126	3.18912:2.30042:2.02517:2.02832:1.3155:1	0.5126(0.56701:0.341924:0.628866)	-2661.02	NA	NA	NA	eukaryotes
Eukaryota_ABCF2_12213-Eukaryota_ABCF2_13152	MA	0.0234605	3.92778	0.00597296	4.74529e-302	1755	356.555	1398.44	NA	330	322.446	7.5538	NA	NA	0.816684	0.684723:1.32527:0.66545:0.668366:0.835378:1	0.510256(0.568376:0.340171:0.622222)	-3018.85	NA	NA	NA	eukaryotes
Eukaryota_ABCF2_12228-Eukaryota_ABCF2_13080	MA	0.0678646	5.02157	0.0135146	0	1722	324.027	1397.97	NA	405	382.687	22.3133	NA	NA	1	0.504973:1.60663:0.808593:0.950834:0.607743:1	0.498548(0.554007:0.331882:0.609756)	-3193.78	NA	NA	NA	eukaryotes
Eukaryota_ABCF2_12265-Eukaryota_ABCF2_12404	MA	0.00528882	0.226097	0.0233918	1.74738e-49	1869	522.959	1346.04	NA	101	95.2643	5.73567	NA	NA	0.0670725	4.09475:2.34504:0.590391:0.551825:0.362289:1	0.538523(0.582665:0.35313:0.679775)	-2818.79	NA	NA	NA	eukaryotes
Eukaryota_ABCF2_12334-Eukaryota_ABCF2_13158	MA	0.0428521	4.72022	0.00907842	0	1824	373.252	1450.75	NA	383	369.946	13.0538	NA	NA	1	0.677961:1.77179:0.818362:0.924382:0.54554:1	0.510143(0.570724:0.342105:0.617599)	-3269.61	NA	NA	NA	eukaryotes
Eukaryota_ABCF2_12406-Eukaryota_ABCF2_13210	MA	0.0204716	4.05103	0.00505342	6.60003e-285	1743	360.686	1382.31	NA	320	313.92	6.07971	NA	NA	0.854532	0.865133:1.61908:0.873508:0.675149:0.713537:1	0.512048(0.567986:0.335628:0.63253)	-2969.23	NA	NA	NA	eukaryotes
Eukaryota_ABCF2_12466-Eukaryota_ABCF2_13187	MA	0.0453959	4.52601	0.01003	0	1698	361.763	1336.24	NA	367	353.889	13.1108	NA	NA	1	0.811759:1.02199:0.70627:0.665723:0.413371:1	0.502061(0.561837:0.336572:0.607774)	-3050.74	NA	NA	NA	eukaryotes
Eukaryota_ABCF2_12526-Eukaryota_ABCF2_12987	MA	0.00700443	0.554575	0.0126303	1.07256e-98	1872	404.123	1467.88	NA	152	145.333	6.66733	NA	NA	0.125213	3.53471:3.54126:2.84652:2.55936:1.0991:1	0.535524(0.580929:0.345353:0.680288)	-2872.24	NA	NA	NA	eukaryotes
Eukaryota_ABCF2_12542-Eukaryota_ABCF2_13187	MA	0.0141539	4.18116	0.00338517	1.62847e-279	1719	362.437	1356.56	NA	312	308.096	3.90368	NA	NA	0.892733	1.15117:1.5777:0.973784:0.921772:0.687627:1	0.515998(0.568063:0.336824:0.643106)	-2887.31	NA	NA	NA	eukaryotes
Eukaryota_ABCF2_12584-Eukaryota_ABCF2_13186	MA	0.0603365	5.40162	0.0111701	0	1716	301.887	1414.11	NA	356	338.299	17.701	NA	NA	1	0.791815:0.831827:0.677016:0.685204:0.386686:1	0.535839(0.558566:0.341783:0.707168)	-3087.78	NA	NA	NA	eukaryotes
Eukaryota_ABCF2_12651-Eukaryota_ABCF2_13193	MA	0.020322	4.40213	0.00461641	3.92624e-283	1731	387.014	1343.99	NA	333	327.746	5.25423	NA	NA	1	1.65206:2.26154:1.52249:1.52037:0.742625:1	0.513576(0.567591:0.340555:0.632582)	-2950.75	NA	NA	NA	eukaryotes
Eukaryota_ABCF2_12884-Eukaryota_ABCF2_13193	MA	0.00897079	0.51274	0.0174958	6.67507e-94	1728	377.453	1350.55	NA	151	142.104	8.89584	NA	NA	0.119011	1.65599:1.68173:1.4998:1.46815:1.32636:1	0.501736(0.563368:0.337674:0.604167)	-2715.66	NA	NA	NA	eukaryotes
Eukaryota_ABCF2_12950-Eukaryota_ABCF2_12977	MA	0.0130718	5.08576	0.00257027	7.38139e-292	1719	325.56	1393.44	NA	298	294.757	3.24267	NA	NA	0.973783	0.462774:2.30816:1.08912:0.699529:0.668924:1	0.517452(0.568063:0.337696:0.646597)	-2858.43	NA	NA	NA	eukaryotes
Eukaryota_ABCF2_13160-Eukaryota_ABCF2_13214	MA	0.0210936	4.52832	0.00465815	1.50508e-303	1743	343.139	1399.86	NA	319	313.051	5.949	NA	NA	0.908416	0.613676:1.26556:0.820483:0.712088:0.664598:1	0.504303(0.566265:0.33821:0.608434)	-2986.24	NA	NA	NA	eukaryotes
Eukaryota_ABCF3_11471-Eukaryota_ABCF3_12541	MA	0.0426627	0.732574	0.0582367	1.11616e-107	1962	471.019	1490.98	NA	248	209.399	38.6015	NA	NA	0.20829	4.03369:4.4787:2.83437:2.84145:0.679526:1	0.56371(0.629205:0.390673:0.671254)	-3304.24	NA	NA	NA	eukaryotes
Eukaryota_ABCF3_11977-Eukaryota_ABCF3_11995	MA	0.00915272	0.404005	0.022655	1.38279e-86	2127	521.292	1605.71	NA	161	150.498	10.5022	NA	NA	0.105924	4.11632:4.41097:2.79171:2.79213:0.774081:1	0.562294(0.631876:0.388575:0.666432)	-3266.75	NA	NA	NA	eukaryotes
Eukaryota_ABCF3_11977-Eukaryota_ABCF3_12854	MA	0.151284	3.95097	0.0382903	0	2124	474.427	1649.57	NA	637	562.157	74.8426	NA	NA	1	0.705865:1.68937:0.674713:0.891823:0.493762:1	0.529896(0.605226:0.370763:0.613701)	-4362.07	NA	NA	NA	eukaryotes
Eukaryota_ABCF3_11982-Eukaryota_ABCF3_12658	MA	0.0134656	1.40371	0.00959288	2.20569e-156	2109	524.194	1584.81	NA	245	238.095	6.9053	NA	NA	0.359012	3.51649:11.9216:0.915576:0.550567:0.719776:1	0.578236(0.638691:0.389047:0.70697)	-3347.51	NA	NA	NA	eukaryotes
Eukaryota_ABCF3_12043-Eukaryota_ABCF3_12496	MA	0.0125715	0.281589	0.0446447	1.4916e-58	2127	531.704	1595.3	NA	133	117.289	15.7108	NA	NA	0.0798201	4.20562:4.84078:2.33732:2.34282:0.570134:1	0.566996(0.633992:0.388575:0.67842)	-3209.53	NA	NA	NA	eukaryotes
Eukaryota_ABCF3_12057-Eukaryota_ABCF3_12527	MA	0.00815458	0.257819	0.0316291	5.5093e-59	2127	521.045	1605.95	NA	120	109.341	10.6593	NA	NA	0.0693141	3.26493:3.54978:2.27153:2.24922:1.06759:1	0.558298(0.635402:0.388575:0.650917)	-3177.86	NA	NA	NA	eukaryotes
Eukaryota_ABCF3_12209-Eukaryota_ABCF3_12668	MA	0.154403	4.2766	0.0361042	0	2124	435.701	1688.3	NA	613	537.766	75.2336	NA	NA	1	0.997209:1.4147:0.868552:1.09044:0.531268:1	0.550141(0.612994:0.372175:0.665254)	-4300.41	NA	NA	NA	eukaryotes
Eukaryota_ABCF3_12650-Eukaryota_ABCF3_12887	MA	0.0086969	0.231186	0.0376186	1.05655e-45	1899	445.953	1453.05	NA	96	85.5179	10.4821	NA	NA	0.0609454	4.3927:4.51581:3.4836:3.50293:1.4634:1	0.561875(0.637441:0.389415:0.658768)	-2798.58	NA	NA	NA	eukaryotes
Eukaryota_ABCF3_12798-Eukaryota_ABCF3_12854	MA	0.150605	3.94807	0.0381465	0	2124	475.084	1648.92	NA	637	562.523	74.477	NA	NA	1	0.6964:1.76632:0.690102:0.876023:0.526265:1	0.529426(0.60452:0.371469:0.612288)	-4367.94	NA	NA	NA	eukaryotes
Eukaryota_ABCF3_13146-Eukaryota_ABCF3_13244	MA	0.086292	5.15768	0.0167308	0	2244	404.3	1839.7	NA	531	493.434	37.5655	NA	NA	1	0.366198:1.37615:0.524514:0.573311:0.484682:1	0.555481(0.596257:0.397059:0.673128)	-4358.73	NA	NA	NA	eukaryotes
Eukaryota_ABCF3_13166-Eukaryota_ABCF3_13209	MA	0.0109748	0.218761	0.0501681	3.07929e-40	1833	407.585	1425.42	NA	91	77.4172	13.5828	NA	NA	0.0571781	4.24677:3.53722:2.00938:1.9836:1.05323:1	0.566012(0.591653:0.373977:0.732406)	-2770.48	NA	NA	NA	eukaryotes
Eukaryota_ABCF3_84-Eukaryota_ABCF3_12817	MA	0.0213148	0.88025	0.0242145	4.09716e-140	2127	580.922	1546.08	NA	268	251.774	16.2256	NA	NA	0.255905	3.63986:6.06955:1.73752:1.55906:0.852856:1	0.555007(0.627645:0.383639:0.653738)	-3503.57	NA	NA	NA	eukaryotes
Eukaryota_eEF3_11783-Eukaryota_eEF3_13282	MA	0.137979	3.41875	0.0403593	0	2403	343.401	2059.6	NA	583	469.381	113.619	NA	NA	0.606819	0.372071:1.10707:0.614468:0.713439:0.424905:1	0.553059(0.589888:0.381398:0.68789)	-4774.55	NA	NA	NA	eukaryotes
Eukaryota_New1_11909-Eukaryota_New1_13040	MA	0.123633	5.58365	0.022142	0	3297	529.19	2767.81	NA	890	797.628	92.3723	NA	NA	1	0.438745:1.2404:0.617265:0.667902:0.490301:1	0.573552(0.607825:0.39263:0.7202)	-6591.02	NA	NA	NA	eukaryotes
ncldv_114-ncldv_130	MA	0.0171856	0.291732	0.0589091	4.61408e-39	1653	315.667	1337.33	NA	91	72.825	18.175	NA	NA	0.0696146	0.723139:0.809201:0.608438:0.641525:0.617989:1	0.277072(0.317604:0.213249:0.300363)	-2451.6	NA	NA	NA	ncldv
ncldv_11-ncldv_142	MA	0.0456705	2.5694	0.0177748	0	3090	470.124	2619.88	NA	478	434.919	43.0805	NA	NA	0.42964	1.05319:1.1021:0.883226:0.899934:0.441719:1	0.34288(0.470388:0.328155:0.230097)	-5115.78	NA	NA	NA	ncldv
ncldv_13-ncldv_15	MA	0.121282	6.47736	0.018724	0	2454	339.262	2114.74	NA	630	564.156	65.8443	NA	NA	1	0.797866:1.07971:1.0832:1.00402:0.728286:1	0.367767(0.528729:0.34291:0.231663)	-4651	NA	NA	NA	ncldv
ncldv_17-ncldv_155	MA	0.0698178	3.84158	0.0181742	0	1665	219.332	1445.67	NA	296	264.335	31.6649	NA	NA	0.566675	0.708885:0.906742:0.728238:0.93761:0.536982:1	0.298198(0.436937:0.302703:0.154955)	-2837.18	NA	NA	NA	ncldv
ncldv_24-ncldv_76	MA	0.0391344	0.447522	0.0874469	2.26098e-36	1509	199.596	1309.4	NA	101	64.1809	36.8191	NA	NA	0.0931519	2.74144:3.28051:1.97108:4.79085:0.61243:1	0.170974(0.230616:0.203777:0.0785288)	-2112.61	NA	NA	NA	ncldv
ncldv_26-ncldv_30	MA	0.0279644	0.753276	0.0371236	2.4794e-187	2754	661.056	2092.94	NA	364	325.717	38.2834	NA	NA	0.202064	1.50171:2.06536:0.864468:0.710191:0.7705:1	0.490559(0.545207:0.352397:0.574074)	-4756.74	NA	NA	NA	ncldv
ncldv_27-ncldv_33	MA	0.0127732	0.14636	0.0872724	1.71021e-35	2703	689.787	2013.21	NA	112	89.2634	22.7366	NA	NA	0.0468636	5.29455:4.87112:3.27706:2.94414:0.889497:1	0.533111(0.573252:0.388457:0.637625)	-4063.75	NA	NA	NA	ncldv
ncldv_31-ncldv_36	MA	0.0727291	0.764118	0.0951805	4.96847e-98	1749	430.475	1318.53	NA	284	219.894	64.1064	NA	NA	0.242898	2.2288:3.33383:1.3252:1.55321:1.17928:1	0.447684(0.474271:0.391938:0.476844)	-3181.58	NA	NA	NA	ncldv
ncldv_46-ncldv_111	MA	0.0280672	0.38546	0.0728148	2.37841e-47	1650	321.455	1328.55	NA	122	93.7785	28.2215	NA	NA	0.0976949	1.5814:1.74694:1.11291:1.55299:0.364489:1	0.266364(0.332727:0.229091:0.237273)	-2521.09	NA	NA	NA	ncldv
ncldv_47-ncldv_56	MA	0.0551417	0.803029	0.0686671	2.90969e-83	1647	238.613	1408.39	NA	183	130.221	52.7787	NA	NA	0.163494	1.30116:3.06733:1.15504:7.16241:1.04918:1	0.248027(0.303279:0.227687:0.213115)	-2662.71	NA	NA	NA	ncldv
ncldv_48-ncldv_55	MA	0.0403217	0.541874	0.0744115	9.33672e-65	1650	312.938	1337.06	NA	161	122.161	38.8388	NA	NA	0.135446	0.764546:1.26326:0.504505:1.80952:0.572939:1	0.269091(0.313636:0.203636:0.29)	-2665.27	NA	NA	NA	ncldv
ncldv_57-ncldv_120	MA	0.119466	7.96527	0.0149983	0	2919	325.925	2593.08	NA	587	524.422	62.5779	NA	NA	0.9955	1.00288:1.21488:1.20397:1.17235:0.94512:1	0.256081(0.372559:0.303186:0.0924974)	-5065.27	NA	NA	NA	ncldv
ncldv_63-ncldv_119	MA	0.0205838	0.287848	0.0715092	1.10809e-27	1659	203.639	1455.36	NA	69	45.6633	23.3367	NA	NA	0.0533898	2.40322:2.74936:1.54961:2.58707:0.50989:1	0.174201(0.23689:0.214286:0.0714286)	-2157.85	NA	NA	NA	ncldv
ncldv_72-ncldv_78	MA	0.15497	3.78761	0.040915	0	1647	383.128	1263.87	NA	463	407.94	55.0602	NA	NA	1	0.617726:0.781874:0.377967:0.750252:0.25424:1	0.361263(0.358834:0.245902:0.479053)	-3327.79	NA	NA	NA	ncldv
ncldv_74-ncldv_84	MA	0.0211934	0.610261	0.0347284	9.94534e-81	1647	289.714	1357.29	NA	140	120.409	19.5906	NA	NA	0.124813	1.53019:1.70584:1.18617:2.9497:1.07415:1	0.233151(0.26867:0.222222:0.208561)	-2470.85	NA	NA	NA	ncldv
ncldv_74-ncldv_89	MA	0.0207563	0.467134	0.0444334	1.24104e-62	1647	299.951	1347.05	NA	123	102.539	20.4612	NA	NA	0.10205	1.88849:2.01758:1.50201:2.11733:1.18679:1	0.231937(0.265938:0.223133:0.20674)	-2427.61	NA	NA	NA	ncldv
ncldv_82-ncldv_88	MA	0.0543778	0.886192	0.0613612	2.36204e-101	1749	296.117	1452.88	NA	211	162.175	48.8252	NA	NA	0.195209	1.00294:0.989951:0.829567:0.822341:0.534498:1	0.276158(0.317324:0.342196:0.168954)	-2895.78	NA	NA	NA	ncldv
ncldv_84-ncldv_89	MA	0.020146	0.625456	0.0322101	4.75124e-80	1647	292.188	1354.81	NA	136	118.328	17.6724	NA	NA	0.127532	1.15518:1.88633:0.649987:0.737538:1.12354:1	0.232544(0.266849:0.223133:0.20765)	-2435.24	NA	NA	NA	ncldv
ncldv_93-ncldv_114	MA	0.00434589	0.196051	0.0221672	5.70857e-22	1104	187.542	916.458	NA	34	30.677	3.32304	NA	NA	0.0369118	0.602226:0.622329:0.480016:0.46646:0.589045:1	0.283967(0.341033:0.22962:0.28125)	-1519.21	NA	NA	NA	ncldv
ncldv_93-ncldv_130	MA	0.01106	0.260657	0.0424311	2.28506e-26	1104	205.022	898.978	NA	52	43.8429	8.15705	NA	NA	0.0574122	0.973562:1.5172:0.639497:0.690851:0.570879:1	0.288496(0.345109:0.228261:0.29212)	-1601.74	NA	NA	NA	ncldv
phage_13-phage_14	MA	0.00475277	0.144288	0.0329394	2.51146e-11	609	130.218	478.782	NA	18	16.0555	1.94449	NA	NA	0.0345887	30:15.3873:6.62456:6.62456:0.01:1	0.302135(0.374384:0.300493:0.231527)	-826.548	NA	NA	NA	phage
phage_15-phage_17	MA	0.0146102	0.175129	0.083425	1.40632e-13	834	194.364	639.636	NA	38	29.8146	8.18545	NA	NA	0.0520192	10.0935:9.47032:7.45573:7.39168:1.16119:1	0.390288(0.514388:0.350719:0.305755)	-1257.12	NA	NA	NA	phage
phage_15-phage_19	MA	0.0164259	0.180745	0.090879	1.75351e-13	834	196.259	637.741	NA	40	30.8806	9.11936	NA	NA	0.0550939	11.3442:9.89466:7.31236:7.23256:1.09799:1	0.390288(0.516187:0.350719:0.303957)	-1261.21	NA	NA	NA	phage
phage_15-phage_22	MA	0.0162687	0.178198	0.0912958	3.04725e-13	834	191.328	642.672	NA	39	29.847	9.15297	NA	NA	0.0534168	10.6791:10.0864:7.90434:7.8432:1.11299:1	0.388489(0.516187:0.350719:0.298561)	-1258.87	NA	NA	NA	phage
phage_15-phage_30	MA	0.0164411	0.183075	0.0898054	1.03603e-13	834	192.959	641.041	NA	40	30.8084	9.19163	NA	NA	0.0549944	10.6935:10.5035:8.35072:8.29216:1.18378:1	0.389089(0.51259:0.350719:0.303957)	-1264.31	NA	NA	NA	phage
phage_15-phage_32	MA	0.015962	0.583205	0.0273694	1.0904e-44	834	180.03	653.97	NA	78	70.9464	7.05356	NA	NA	0.138409	2.46932:3.59791:1.15701:1.12626:0.908198:1	0.3753(0.501799:0.345324:0.278777)	-1345.21	NA	NA	NA	phage
phage_17-phage_19	MA	0.00180201	0.0258994	0.0695774	0.0030571	834	194.348	639.652	NA	6	4.88203	1.11797	NA	NA	0.00741745	24.2659:30:19.227:19.227:0.01:1	0.393285(0.523381:0.352518:0.303957)	-1132.48	NA	NA	NA	phage
phage_17-phage_22	MA	0.00534933	0.0415019	0.128894	0.000640813	834	193.72	640.28	NA	11	7.7138	3.2862	NA	NA	0.0137468	25.6095:30:19.3966:19.3966:0.01:1	0.391487(0.523381:0.352518:0.298561)	-1155.84	NA	NA	NA	phage
phage_17-phage_32	MA	0.0173978	0.694944	0.0250349	9.53895e-51	834	178.511	655.489	NA	85	77.844	7.15601	NA	NA	0.162421	1.92375:3.46445:0.689708:0.668465:0.860427:1	0.378297(0.508993:0.347122:0.278777)	-1358.38	NA	NA	NA	phage
phage_18-phage_24	MA	0.00224954	0.118054	0.0190552	7.49426e-12	1056	146.69	909.31	NA	15	13.4154	1.58464	NA	NA	0.018336	20.9127:5.30271:0.674674:0.655146:0.0202045:1	0.302083(0.450284:0.338068:0.117898)	-1355.38	NA	NA	NA	phage
phage_19-phage_30	MA	0.0034399	0.0314599	0.109342	0.00263713	834	193.088	640.912	NA	8	5.86968	2.13032	NA	NA	0.0099271	19.3496:30:13.96:13.96:0.01:1	0.392086(0.521583:0.352518:0.302158)	-1141.58	NA	NA	NA	phage
phage_19-phage_32	MA	0.0188734	0.649891	0.0290409	1.22864e-47	834	177.112	656.888	NA	83	74.9294	8.07061	NA	NA	0.152879	1.82205:3.32887:0.637484:0.615113:0.817533:1	0.378297(0.510791:0.347122:0.276978)	-1356.7	NA	NA	NA	phage
phage_20-phage_21	MA	0.0100092	0.188944	0.0529744	1.62088e-11	609	113.27	495.73	NA	23	18.6712	4.32881	NA	NA	0.0432899	0.89334:1.04275:0.649142:0.649142:0.266506:1	0.334154(0.421182:0.307882:0.273399)	-884.863	NA	NA	NA	phage
phage_20-phage_27	MA	0.0087397	0.11403	0.0766439	5.37967e-08	609	125.788	483.212	NA	17	13.1332	3.86677	NA	NA	0.0304872	2.72565:2.63955:1.58185:1.58185:0.136211:1	0.334154(0.421182:0.302956:0.278325)	-862.791	NA	NA	NA	phage
phage_20-phage_28	MA	0.00803542	0.172469	0.0465906	2.61786e-11	609	115.628	493.372	NA	21	17.5175	3.48245	NA	NA	0.0392555	0.966926:1.07493:0.71004:0.71004:0.155903:1	0.337438(0.426108:0.310345:0.275862)	-878.491	NA	NA	NA	phage
phage_21-phage_27	MA	0.00612294	0.0967696	0.0632734	5.85382e-07	609	118.999	490.001	NA	13	10.313	2.68697	NA	NA	0.0238353	1.48883:2.13355:0.894569:0.872245:1.18714:1	0.334975(0.413793:0.305419:0.285714)	-846.536	NA	NA	NA	phage
phage_22-phage_30	MA	0.0069416	0.0473985	0.146452	0.000485767	834	193.231	640.769	NA	13	8.7504	4.2496	NA	NA	0.0163151	22.2094:30:15.3479:15.3479:0.01:1	0.390288(0.521583:0.352518:0.296763)	-1163.55	NA	NA	NA	phage
phage_22-phage_32	MA	0.0186842	0.62098	0.0300882	5.8909e-46	834	173.693	660.307	NA	80	71.7886	8.21139	NA	NA	0.144121	1.66821:3.1391:0.576058:0.553452:0.81225:1	0.376499(0.510791:0.347122:0.271583)	-1350.53	NA	NA	NA	phage
phage_27-phage_28	MA	0.00852537	0.0775561	0.109925	2.12338e-05	609	128.799	480.201	NA	13	9.22095	3.77905	NA	NA	0.0231249	2.63141:3.99695:1.50342:1.48095:0.716721:1	0.338259(0.418719:0.307882:0.288177)	-848.734	NA	NA	NA	phage
phage_30-phage_32	MA	0.0158292	0.66858	0.0236758	6.48246e-51	834	178.585	655.415	NA	83	76.3646	6.6354	NA	NA	0.155603	1.94082:3.05502:0.864265:0.846011:0.793671:1	0.377098(0.507194:0.347122:0.276978)	-1354.85	NA	NA	NA	phage
phage_4-phage_20	MA	0.00394454	0.0744428	0.0529875	2.97806e-06	609	120.481	488.519	NA	10	8.23146	1.76854	NA	NA	0.0178915	1.34926:1.07149:0.63598:0.63598:0.174764:1	0.336617(0.426108:0.305419:0.278325)	-833.286	NA	NA	NA	phage
phage_4-phage_21	MA	0.00605075	0.101078	0.0598621	3.5096e-07	609	113.628	495.372	NA	13	10.3095	2.69051	NA	NA	0.0237811	0.481534:1.55338:0.254698:0.254698:0.845806:1	0.337438(0.418719:0.307882:0.285714)	-845.208	NA	NA	NA	phage
phage_4-phage_27	MA	0.00499556	0.0364262	0.137142	0.00647038	609	132.183	476.817	NA	7	4.6832	2.3168	NA	NA	0.0118176	26.7747:30:21.2207:21.2207:0.01:1	0.337438(0.418719:0.302956:0.29064)	-821.291	NA	NA	NA	phage
phage_4-phage_28	MA	0.00395907	0.0840053	0.0471288	6.97257e-07	609	122.094	486.906	NA	11	9.25967	1.74033	NA	NA	0.020007	0.705212:1.79795:0.372059:0.372059:0.364764:1	0.340722(0.423645:0.310345:0.288177)	-838.678	NA	NA	NA	phage
phage_4-phage_5	MA	0.00429375	0.0734509	0.0584573	1.63418e-06	609	132.817	476.183	NA	11	9.09403	1.90597	NA	NA	0.0193762	2.34013:2.5986:1.20116:1.20116:0.01:1	0.33908(0.416256:0.307882:0.293103)	-839.455	NA	NA	NA	phage
phage_5-phage_20	MA	0.00837652	0.162795	0.0514543	5.60417e-11	609	120.414	488.586	NA	21	17.3729	3.62708	NA	NA	0.0389089	1.35153:1.30917:0.934684:0.934684:0.0705543:1	0.335796(0.418719:0.307882:0.280788)	-877.328	NA	NA	NA	phage
phage_5-phage_21	MA	0.010543	0.0793332	0.132895	3.92193e-05	609	122.933	486.067	NA	14	9.17758	4.82242	NA	NA	0.024429	1.49755:1.49081:0.994395:0.994395:0.278266:1	0.336617(0.41133:0.310345:0.288177)	-855.473	NA	NA	NA	phage
phage_5-phage_27	MA	0.00889113	0.0624941	0.142272	0.00101012	609	133.986	475.014	NA	12	7.97668	4.02332	NA	NA	0.0206843	3.18164:3.59416:1.6291:1.6291:0.01:1	0.336617(0.41133:0.305419:0.293103)	-844.825	NA	NA	NA	phage
phage_5-phage_28	MA	0.00850073	0.0670465	0.126789	7.94116e-05	609	128.318	480.682	NA	12	8.13585	3.86415	NA	NA	0.0208365	1.97936:1.86326:1.1215:1.1215:0.143815:1	0.339901(0.416256:0.312808:0.29064)	-847.24	NA	NA	NA	phage
Bacteria_EttA_10037-Bacteria_EttA_13374	MA	0.956347	1.17121	0.816546	2.12187e-07	1656	336.447	1319.55	NA	1122	266.983	855.017	NA	NA	1	1.02511:1.05042:0.926269:0.92633:0.811945:1	0.669988(0.807065:0.380435:0.822464)	-4171.73	NA	NA	NA	bacteria
Bacteria_EttA_1020-Bacteria_EttA_4155	MA	0.125304	5.0153	0.0249843	0	1671	178.237	1492.76	NA	333	275.378	57.6221	NA	NA	0.646893	0.35235:0.903964:0.358227:0.826711:0.538758:1	0.667864(0.671454:0.385996:0.94614)	-2926.99	NA	NA	NA	bacteria
Bacteria_EttA_1030-Bacteria_EttA_10488	MA	0.122752	7.02667	0.0174694	0	1662	184.419	1477.58	NA	357	313.167	43.8328	NA	NA	0.888826	0.614485:1.54064:0.732936:0.814665:0.655112:1	0.64651(0.655235:0.380866:0.90343)	-3062.01	NA	NA	NA	bacteria
Bacteria_EttA_10378-Bacteria_EttA_15474	MA	0.118142	2.38795	0.0494741	0	1662	143.082	1518.92	NA	291	190.794	100.206	NA	NA	0.31355	0.61862:1.36453:0.843265:0.878636:0.605736:1	0.663057(0.663357:0.368231:0.957581)	-2862.26	NA	NA	NA	bacteria
Bacteria_EttA_10378-Bacteria_EttA_15831	MA	0.920121	1.3439	0.684665	2.58434e-30	1659	312.711	1346.29	NA	1157	293.087	863.913	NA	NA	1	1.06787:1.08048:0.962184:0.988159:0.759889:1	0.667872(0.794756:0.383363:0.825497)	-4211.85	NA	NA	NA	bacteria
Bacteria_EttA_1042-Bacteria_EttA_7057	MA	0.956909	1.16586	0.820774	2.96744e-07	1668	343.986	1324.01	NA	1125	270.485	854.515	NA	NA	1	0.778626:0.812096:0.684087:0.80686:0.645695:1	0.670863(0.821043:0.378597:0.81295)	-4186.91	NA	NA	NA	bacteria
Bacteria_EttA_10446-Bacteria_EttA_10737	MA	0.942076	1.21872	0.773001	6.83774e-13	1662	347.986	1314.01	NA	1149	293.195	855.805	NA	NA	1	0.837597:0.83561:0.734284:0.818561:0.568753:1	0.665764(0.812274:0.383574:0.801444)	-4213.86	NA	NA	NA	bacteria
Bacteria_EttA_10528-Bacteria_EttA_11189	MA	0.950474	1.19381	0.796168	2.4181e-09	1659	337.658	1321.34	NA	1123	272.864	850.136	NA	NA	1	0.9246:0.934192:0.837832:0.879606:0.680116:1	0.668776(0.80651:0.388788:0.811031)	-4194.23	NA	NA	NA	bacteria
Bacteria_EttA_1064-Bacteria_EttA_15734	MA	0.117824	2.12183	0.0555293	0	1662	178.494	1483.51	NA	306	209.371	96.6287	NA	NA	0.333047	0.968262:1.17364:1.19684:1.23958:0.842344:1	0.657641(0.647112:0.382671:0.943141)	-2921.49	NA	NA	NA	bacteria
Bacteria_EttA_1071-Bacteria_EttA_10674	MA	0.102785	0.0414742	2.47828	2.44594e-05	1662	522.771	1139.23	NA	127	19.8416	107.158	NA	NA	0.0834999	2.7182:3.03762:2.0781:3.96662:1.04872:1	0.666366(0.958484:0.373646:0.666968)	-2502.25	NA	NA	NA	bacteria
Bacteria_EttA_10723-Bacteria_EttA_14927	MA	1.03948	0.911314	1.14064	0.00266359	1659	511.059	1147.94	NA	1017	285.505	731.495	NA	NA	1	1.19847:1.38796:1.0735:1.35338:1.01695:1	0.651597(0.89783:0.390597:0.666365)	-4081.95	NA	NA	NA	bacteria
Bacteria_EttA_10723-Bacteria_EttA_16182	MA	0.275478	0.139644	1.97272	2.70296e-08	1662	530.792	1131.21	NA	312	59.9516	252.048	NA	NA	0.232097	2.94426:3.12267:2.32291:3.45495:1.11774:1	0.664862(0.945848:0.388087:0.66065)	-3077.73	NA	NA	NA	bacteria
Bacteria_EttA_1092-Bacteria_EttA_14347	MA	0.929053	1.30762	0.710492	8.19712e-27	1653	309.785	1343.21	NA	1190	291.62	898.38	NA	NA	1	0.95597:0.973349:0.98645:1.01011:0.874823:1	0.634604(0.725045:0.372051:0.806715)	-4303.94	NA	NA	NA	bacteria
Bacteria_EttA_1092-Bacteria_EttA_14447	MA	0.0473727	1.14756	0.0412814	3.62454e-115	1662	174.714	1487.29	NA	176	130.234	45.7662	NA	NA	0.163027	1.63034:1.59855:1.756:1.69756:1.49904:1	0.663959(0.654332:0.381769:0.955776)	-2545.01	NA	NA	NA	bacteria
Bacteria_EttA_1092-Bacteria_EttA_7892	MA	0.947127	1.20155	0.788257	1.17952e-10	1659	344.771	1314.23	NA	1139	284.412	854.588	NA	NA	1	0.922118:0.958656:0.831485:0.884676:0.698633:1	0.661844(0.803797:0.377034:0.804702)	-4215.12	NA	NA	NA	bacteria
Bacteria_EttA_1098-Bacteria_EttA_2700	MA	1.07615	0.819563	1.31308	6.04993e-08	1665	494.15	1170.85	NA	933	226.939	706.061	NA	NA	1	1.17566:1.85729:1.02139:1.24529:0.914158:1	0.631532(0.866667:0.369369:0.658559)	-4080.86	NA	NA	NA	bacteria
Bacteria_EttA_1106-Bacteria_EttA_2670	MA	1.04424	0.883401	1.18206	5.78957e-05	1647	452.994	1194.01	NA	1086	263.868	822.132	NA	NA	1	0.991813:1.06541:0.924494:0.934683:0.785957:1	0.590771(0.754098:0.372495:0.645719)	-4335.08	NA	NA	NA	bacteria
Bacteria_EttA_1106-Bacteria_EttA_5295	MA	1.04419	0.889916	1.17336	8.46472e-05	1638	469.185	1168.81	NA	1082	275.808	806.192	NA	NA	1	1.06444:1.24893:0.856347:1.02955:0.708072:1	0.596764(0.774725:0.374542:0.641026)	-4290.44	NA	NA	NA	bacteria
Bacteria_EttA_13356-Bacteria_EttA_16257	MA	0.947199	1.20244	0.787732	1.08584e-10	1656	342.577	1313.42	NA	1135	282.329	852.671	NA	NA	1	0.900141:0.915929:0.811888:0.863714:0.645054:1	0.664553(0.810688:0.374094:0.808877)	-4192.95	NA	NA	NA	bacteria
Bacteria_EttA_13951-Bacteria_EttA_14447	MA	0.946784	1.21609	0.778547	1.15749e-11	1656	327.234	1328.77	NA	1137	273.228	863.772	NA	NA	1	0.920124:0.945518:0.827238:0.872205:0.645861:1	0.653382(0.762681:0.384058:0.813406)	-4246.11	NA	NA	NA	bacteria
Bacteria_EttA_14347-Bacteria_EttA_14995	MA	1.06334	0.850821	1.24978	4.68062e-09	1668	497.11	1170.89	NA	1147	290.842	856.158	NA	NA	1	0.930595:1.05613:0.818835:0.947247:0.753835:1	0.640588(0.875899:0.377698:0.668165)	-4243.22	NA	NA	NA	bacteria
Bacteria_EttA_14995-Bacteria_EttA_15734	MA	0.939972	1.24044	0.75777	2.20715e-13	1662	332.03	1329.97	NA	1119	277.303	841.697	NA	NA	1	0.855766:0.858638:0.804081:0.807873:0.70209:1	0.661252(0.796931:0.378159:0.808664)	-4204.26	NA	NA	NA	bacteria
Bacteria_EttA_15791-Bacteria_EttA_16182	MA	1.04551	0.898406	1.16374	0.00075936	1662	514.148	1147.85	NA	1004	279.038	724.962	NA	NA	1	1.15303:1.17428:1.06419:1.1916:0.765204:1	0.657341(0.933213:0.372744:0.666065)	-3972.17	NA	NA	NA	bacteria
Bacteria_EttA_15831-Bacteria_EttA_16013	MA	0.938358	1.24361	0.754542	3.99514e-16	1659	335.014	1323.99	NA	1164	292.317	871.683	NA	NA	1	1.0441:1.06088:0.94527:0.999359:0.748473:1	0.663954(0.797468:0.385172:0.809222)	-4239.05	NA	NA	NA	bacteria
Bacteria_EttA_1590-Bacteria_EttA_10488	MA	0.963932	1.15416	0.835182	5.45216e-06	1653	313.419	1339.58	NA	1133	247.941	885.059	NA	NA	1	1.0404:1.03186:0.938265:0.933815:0.851697:1	0.646703(0.750454:0.377495:0.81216)	-4237.38	NA	NA	NA	bacteria
Bacteria_EttA_1607-Bacteria_EttA_2011	MA	0.949856	1.20889	0.785728	7.16085e-12	1638	317.085	1320.91	NA	1169	273.567	895.433	NA	NA	1	0.727679:0.769407:0.73319:0.755204:0.851677:1	0.583639(0.6337:0.371795:0.745421)	-4434.96	NA	NA	NA	bacteria
Bacteria_EttA_1607-Bacteria_EttA_7051	MA	0.142149	7.03294	0.0202119	0	1671	208.027	1462.97	NA	405	354.597	50.4033	NA	NA	1	0.634913:0.691961:0.632965:0.642427:0.589125:1	0.644524(0.658887:0.378815:0.895871)	-3174.03	NA	NA	NA	bacteria
Bacteria_EttA_1611-Bacteria_EttA_14732	MA	0.953075	1.19645	0.796584	4.16461e-10	1659	319.865	1339.14	NA	1166	268.977	897.023	NA	NA	1	0.772348:0.789557:0.742418:0.783579:0.787192:1	0.609705(0.684448:0.371609:0.773056)	-4410.35	NA	NA	NA	bacteria
Bacteria_EttA_1611-Bacteria_EttA_1626	MA	0.0254999	1.50956	0.0168923	5.13727e-167	1650	188.116	1461.88	NA	181	159.997	21.0032	NA	NA	0.194697	0.815475:0.526593:1.14721:0.61047:0.562683:1	0.640606(0.66:0.367273:0.894545)	-2567.27	NA	NA	NA	bacteria
Bacteria_EttA_1619-Bacteria_EttA_16819	MA	0.954011	1.19448	0.798685	4.43543e-09	1665	318.428	1346.57	NA	1139	260.195	878.805	NA	NA	1	0.706261:0.749595:0.70228:0.712953:0.767207:1	0.624324(0.718018:0.37027:0.784685)	-4355.85	NA	NA	NA	bacteria
Bacteria_EttA_1626-Bacteria_EttA_10356	MA	0.971856	1.09929	0.884077	0.00175189	1641	362.416	1278.58	NA	1115	270.698	844.302	NA	NA	1	0.982708:1.01235:0.900467:0.906675:0.822167:1	0.652651(0.80713:0.372943:0.777879)	-4195.94	NA	NA	NA	bacteria
Bacteria_EttA_1783-Bacteria_EttA_8049	MA	0.126255	5.90938	0.0213651	0	1674	189.31	1484.69	NA	371	317.757	53.2429	NA	NA	0.780261	0.587201:0.85959:0.774452:0.82907:0.564329:1	0.658901(0.660394:0.38172:0.934588)	-3035.93	NA	NA	NA	bacteria
Bacteria_EttA_1807-Bacteria_EttA_10390	MA	0.154312	0.0748694	2.06108	1.80343e-05	1662	524.329	1137.67	NA	187	34.1736	152.826	NA	NA	0.129249	3.23671:3.40927:2.63856:4.64911:1.09101:1	0.666065(0.957581:0.384477:0.656137)	-2694.41	NA	NA	NA	bacteria
Bacteria_EttA_1807-Bacteria_EttA_4039	MA	0.955121	1.17561	0.812451	1.41056e-07	1662	338.295	1323.71	NA	1109	265.373	843.627	NA	NA	1	0.931521:0.920816:0.792418:0.860796:0.530926:1	0.668773(0.814982:0.379964:0.811372)	-4155.44	NA	NA	NA	bacteria
Bacteria_EttA_1807-Bacteria_EttA_7759	MA	1.05053	0.888894	1.18184	0.000190721	1659	518.612	1140.39	NA	997	277.039	719.961	NA	NA	1	1.03524:1.00276:0.907713:1.01276:0.642663:1	0.655817(0.926763:0.377939:0.662749)	-4003.79	NA	NA	NA	bacteria
Bacteria_EttA_2218-Bacteria_EttA_5330	MA	1.04593	0.897676	1.16515	4.74159e-05	1653	512.124	1140.88	NA	1132	314.824	817.176	NA	NA	1	1.8193:1.94552:1.65308:1.88034:1.07895:1	0.655172(0.927405:0.37931:0.658802)	-4102.38	NA	NA	NA	bacteria
Bacteria_EttA_2316-Bacteria_EttA_6548	MA	0.948794	1.20045	0.790364	5.41414e-10	1671	340.003	1331	NA	1127	275.281	851.719	NA	NA	1	0.822593:0.834498:0.783861:0.790778:0.707233:1	0.651107(0.790844:0.368941:0.793537)	-4263.63	NA	NA	NA	bacteria
Bacteria_EttA_2329-Bacteria_EttA_10473	MA	0.970514	1.10301	0.879881	0.00101148	1662	369.874	1292.13	NA	1128	276.892	851.108	NA	NA	1	1.03405:1.02888:0.884911:0.95754:0.592361:1	0.651023(0.800542:0.374549:0.777978)	-4260.12	NA	NA	NA	bacteria
Bacteria_EttA_2352-Bacteria_EttA_16819	MA	1.04667	0.889937	1.17612	0.000218181	1662	494.922	1167.08	NA	1022	270.842	751.158	NA	NA	1	1.07651:1.18063:0.985512:1.03813:0.75485:1	0.626354(0.848375:0.369134:0.661552)	-4177.77	NA	NA	NA	bacteria
Bacteria_EttA_2452-Bacteria_EttA_6182	MA	0.150239	7.85824	0.0191186	0	1662	166.103	1495.9	NA	327	278.968	48.0323	NA	NA	0.920592	0.64612:0.639601:0.582536:0.671535:0.438377:1	0.674188(0.666968:0.388087:0.967509)	-2920.88	NA	NA	NA	bacteria
Bacteria_EttA_2689-Bacteria_EttA_5165	MA	0.911575	1.40997	0.646522	1.02577e-51	1656	293.81	1362.19	NA	1177	294.436	882.564	NA	NA	1	1.12262:1.07832:1.15159:1.15897:0.974502:1	0.639191(0.712862:0.38587:0.818841)	-4298.59	NA	NA	NA	bacteria
Bacteria_EttA_2700-Bacteria_EttA_15957	MA	1.07899	0.817224	1.32032	1.18408e-09	1668	503.355	1164.65	NA	1013	249.821	763.179	NA	NA	1	0.979949:1.11052:0.939591:1.07415:0.863246:1	0.647182(0.906475:0.379496:0.655576)	-4100.06	NA	NA	NA	bacteria
Bacteria_EttA_2700-Bacteria_EttA_4235	MA	0.964606	1.13102	0.852862	1.88589e-05	1671	355.397	1315.6	NA	1152	277.116	874.884	NA	NA	1	0.875329:0.913189:0.830504:0.838755:0.861337:1	0.666068(0.820467:0.375224:0.802513)	-4226.37	NA	NA	NA	bacteria
Bacteria_EttA_2969-Bacteria_EttA_10886	MA	1.03957	0.913477	1.13804	0.000759847	1659	520.655	1138.34	NA	1104	316.498	787.502	NA	NA	1	0.898957:0.992101:0.854744:0.907888:0.769824:1	0.648583(0.916817:0.369801:0.659132)	-4113.06	NA	NA	NA	bacteria
Bacteria_EttA_3044-Bacteria_EttA_4016	MA	0.950427	1.20839	0.78652	4.79972e-12	1635	314.196	1320.8	NA	1173	272.389	900.611	NA	NA	1	1.13513:1.13969:1.13618:1.13268:1.09999:1	0.656269(0.737615:0.413761:0.817431)	-4265.41	NA	NA	NA	bacteria
Bacteria_EttA_3129-Bacteria_EttA_3985	MA	0.96131	1.1519	0.834542	6.85156e-07	1662	337.387	1324.61	NA	1169	273.355	895.645	NA	NA	1	0.784407:0.785749:0.756071:0.767561:0.755407:1	0.651023(0.787906:0.367329:0.797834)	-4257.89	NA	NA	NA	bacteria
Bacteria_EttA_3129-Bacteria_EttA_6573	MA	1.05774	0.867416	1.21941	1.39179e-05	1671	506.932	1164.07	NA	999	262.885	736.115	NA	NA	1	1.03781:1.12612:1.02423:1.10835:0.806023:1	0.6538(0.926391:0.369838:0.665171)	-4016.72	NA	NA	NA	bacteria
Bacteria_EttA_3280-Bacteria_EttA_14635	MA	0.946547	1.1986	0.789711	2.61092e-10	1674	355.009	1318.99	NA	1136	288.76	847.24	NA	NA	1	0.868155:0.909434:0.824018:0.84259:0.852901:1	0.659797(0.80914:0.373656:0.796595)	-4255.67	NA	NA	NA	bacteria
Bacteria_EttA_3363-Bacteria_EttA_8089	MA	0.941855	1.23052	0.765415	5.027e-13	1662	334.775	1327.22	NA	1133	280.827	852.173	NA	NA	1	0.834545:0.940781:0.694289:0.83797:0.704979:1	0.674188(0.811372:0.382671:0.82852)	-4163.11	NA	NA	NA	bacteria
Bacteria_EttA_3561-Bacteria_EttA_4228	MA	0.139897	3.56104	0.0392856	0	1671	236.907	1434.09	NA	390	315.072	74.9277	NA	NA	0.624932	0.704726:0.991521:0.796585:0.96641:0.555126:1	0.630461(0.66158:0.369838:0.859964)	-3202	NA	NA	NA	bacteria
Bacteria_EttA_4144-Bacteria_EttA_15404	MA	0.964107	1.15224	0.836722	4.0384e-06	1656	315.941	1340.06	NA	1140	250.608	889.392	NA	NA	1	1.03788:1.02748:0.935149:0.931565:0.869086:1	0.655797(0.76721:0.380435:0.819746)	-4246.18	NA	NA	NA	bacteria
Bacteria_EttA_4144-Bacteria_EttA_6224	MA	0.120717	6.19054	0.0195002	0	1662	177.279	1484.72	NA	317	272.497	44.5029	NA	NA	0.76816	0.714164:0.963167:0.595456:0.875529:0.411258:1	0.66787(0.666065:0.379964:0.957581)	-2869.84	NA	NA	NA	bacteria
Bacteria_EttA_4228-Bacteria_EttA_10723	MA	0.967794	1.09979	0.879979	0.000550932	1662	405.504	1256.5	NA	1142	306.437	835.563	NA	NA	1	1.06497:1.09903:0.920628:1.01931:0.680976:1	0.638387(0.796029:0.388989:0.730144)	-4339.69	NA	NA	NA	bacteria
Bacteria_EttA_4228-Bacteria_EttA_6497	MA	0.134577	4.63588	0.0290294	0	1662	216.858	1445.14	NA	388	325.107	62.8928	NA	NA	0.721907	0.82669:1.39699:0.627394:0.700255:0.439244:1	0.633875(0.654332:0.376354:0.870939)	-3173.44	NA	NA	NA	bacteria
Bacteria_EttA_4331-Bacteria_EttA_10207	MA	0.948482	1.20316	0.788327	2.6248e-10	1641	331.957	1309.04	NA	1119	272.349	846.651	NA	NA	1	0.784939:0.818386:0.722447:0.778243:0.665717:1	0.671846(0.818099:0.382084:0.815356)	-4135.16	NA	NA	NA	bacteria
Bacteria_EttA_4676-Bacteria_EttA_14063	MA	0.958673	1.15877	0.82732	4.504e-07	1668	344.498	1323.5	NA	1146	274.266	871.734	NA	NA	1	0.784396:0.785904:0.693917:0.783757:0.588271:1	0.671763(0.819245:0.384892:0.811151)	-4228.39	NA	NA	NA	bacteria
Bacteria_EttA_4676-Bacteria_EttA_15791	MA	0.941052	1.23544	0.761714	1.99503e-13	1674	335.198	1338.8	NA	1139	281.768	857.232	NA	NA	1	0.75143:0.695748:0.713312:0.716094:0.78951:1	0.653524(0.78405:0.37276:0.803763)	-4265.89	NA	NA	NA	bacteria
Bacteria_EttA_4803-Bacteria_EttA_11115	MA	0.937935	1.24219	0.755069	8.51941e-15	1662	339.037	1322.96	NA	1140	288.873	851.127	NA	NA	1	0.960284:0.974596:0.831763:0.903859:0.56874:1	0.664561(0.801444:0.379964:0.812274)	-4217.55	NA	NA	NA	bacteria
Bacteria_EttA_4803-Bacteria_EttA_5792	MA	0.942656	1.22694	0.768296	1.33144e-12	1662	335.242	1326.76	NA	1133	280.403	852.597	NA	NA	1	0.964056:1.02203:0.810307:0.916602:0.666114:1	0.667569(0.802347:0.386282:0.814079)	-4210.85	NA	NA	NA	bacteria
Bacteria_EttA_4965-Bacteria_EttA_13951	MA	0.929123	1.29616	0.716827	7.3495e-21	1659	320.362	1338.64	NA	1140	285.337	854.663	NA	NA	1	0.800344:0.840718:0.761974:0.780957:0.695063:1	0.65642(0.762206:0.384268:0.822785)	-4244.69	NA	NA	NA	bacteria
Bacteria_EttA_5003-Bacteria_EttA_9886	MA	0.947996	1.19647	0.792329	1.85706e-10	1659	347.219	1311.78	NA	1143	286.223	856.777	NA	NA	1	0.767906:0.790665:0.694866:0.763109:0.631109:1	0.667571(0.809222:0.379747:0.813743)	-4210.69	NA	NA	NA	bacteria
Bacteria_EttA_5165-Bacteria_EttA_10616	MA	0.121658	4.3727	0.0278222	0	1641	144.105	1496.89	NA	300	232.738	67.2621	NA	NA	0.494964	0.376648:0.964139:0.406874:0.736605:0.524918:1	0.678245(0.665448:0.391225:0.978062)	-2765.91	NA	NA	NA	bacteria
Bacteria_EttA_5276-Bacteria_EttA_6354	MA	0.942826	1.21853	0.773738	8.87658e-13	1662	344.65	1317.35	NA	1149	290.338	858.662	NA	NA	1	0.970102:0.982267:0.838018:0.922506:0.596498:1	0.656438(0.787906:0.382671:0.798736)	-4258.85	NA	NA	NA	bacteria
Bacteria_EttA_6011-Bacteria_EttA_10446	MA	0.964624	1.13994	0.846206	1.98657e-05	1659	334.764	1324.24	NA	1123	258.317	864.683	NA	NA	1	0.760695:0.771095:0.66506:0.747804:0.5521:1	0.674804(0.823689:0.382459:0.818264)	-4169.14	NA	NA	NA	bacteria
Bacteria_EttA_6448-Bacteria_EttA_9942	MA	1.04301	0.906063	1.15115	0.00040562	1641	515.417	1125.58	NA	1080	307.349	772.651	NA	NA	1	0.724159:0.72949:0.692113:0.773201:0.639593:1	0.666362(0.959781:0.3766:0.662706)	-3946.7	NA	NA	NA	bacteria
Bacteria_EttA_6464-Bacteria_EttA_14215	MA	0.925903	1.32251	0.700109	1.18048e-22	1671	312.187	1358.81	NA	1129	278.954	850.046	NA	NA	1	0.722724:0.734854:0.708097:0.714415:0.702607:1	0.666966(0.79623:0.376122:0.828546)	-4210.55	NA	NA	NA	bacteria
Bacteria_EttA_6757-Bacteria_EttA_10473	MA	0.948895	1.18598	0.800094	3.53893e-09	1659	357.605	1301.39	NA	1122	286.832	835.168	NA	NA	1	0.962967:0.96529:0.837023:0.90589:0.6125:1	0.666667(0.811935:0.382459:0.805606)	-4197.2	NA	NA	NA	bacteria
Bacteria_EttA_7376-Bacteria_EttA_7513	MA	0.0961065	7.98899	0.0120299	0	1671	191.363	1479.64	NA	310	283.619	26.3811	NA	NA	1	0.584617:1.06314:0.593081:0.862297:0.236521:1	0.662478(0.674147:0.37702:0.936266)	-2870.06	NA	NA	NA	bacteria
Bacteria_EttA_738-Bacteria_EttA_10690	MA	0.137729	2.23713	0.0615653	0	1662	181.428	1480.57	NA	318	211.659	106.341	NA	NA	0.366904	0.533499:0.831915:0.514422:0.840879:0.420044:1	0.666366(0.670578:0.371841:0.956679)	-2919.33	NA	NA	NA	bacteria
Bacteria_EttA_7465-Bacteria_EttA_10800	MA	1.03354	0.926373	1.11569	0.0154564	1665	521.1	1143.9	NA	988	286.451	701.549	NA	NA	1	0.883697:0.904536:0.937365:0.968417:0.872502:1	0.665766(0.955856:0.377477:0.663964)	-3935.76	NA	NA	NA	bacteria
Bacteria_EttA_7920-Bacteria_EttA_16458	MA	0.939507	1.23486	0.76082	1.62774e-15	1641	336.103	1304.9	NA	1159	293.133	865.867	NA	NA	1	0.932147:0.953577:0.866387:0.875593:0.777757:1	0.654174(0.778793:0.383912:0.799817)	-4224.97	NA	NA	NA	bacteria
Bacteria_EttA_8089-Bacteria_EttA_15170	MA	0.940076	1.24509	0.755026	7.25534e-15	1662	326.521	1335.48	NA	1147	280.572	866.428	NA	NA	1	0.780851:0.839097:0.674801:0.793952:0.662295:1	0.681107(0.8213:0.390794:0.831227)	-4169.39	NA	NA	NA	bacteria
Bacteria_EttA_8160-Bacteria_EttA_10446	MA	0.137907	3.50393	0.0393577	0	1662	183.647	1478.35	NA	339	257.437	81.5632	NA	NA	0.509844	0.618581:0.937503:0.766397:0.907129:0.53693:1	0.660349(0.661552:0.382671:0.936823)	-2998.26	NA	NA	NA	bacteria
Bacteria_EttA_9320-Bacteria_EttA_10542	MA	1.08831	0.789386	1.37868	5.20219e-08	1662	490.99	1171.01	NA	815	190.059	624.941	NA	NA	1	0.901289:1.29818:0.685688:1.06537:0.72832:1	0.645006(0.886282:0.369134:0.679603)	-3947.14	NA	NA	NA	bacteria
Bacteria_EttA_981-Bacteria_EttA_4144	MA	0.12543	4.56949	0.0274494	0	1659	191.333	1467.67	NA	334	275.906	58.0941	NA	NA	0.637964	0.694789:0.947351:0.82086:0.943441:0.49834:1	0.656721(0.661844:0.384268:0.924051)	-2989.21	NA	NA	NA	bacteria
Bacteria_EttA_9886-Bacteria_EttA_10326	MA	0.976357	1.08021	0.903861	0.00826537	1677	381.795	1295.2	NA	1153	283.553	869.447	NA	NA	1	0.854999:0.892166:0.759792:0.85962:0.70043:1	0.652952(0.806798:0.382826:0.769231)	-4301.4	NA	NA	NA	bacteria
Bacteria_EttA_9942-Bacteria_EttA_10420	MA	0.143616	0.0612685	2.34405	1.57212e-06	1641	524.92	1116.08	NA	172	28.7439	143.256	NA	NA	0.117275	4.16655:4.4692:3.44775:5.77088:2.08491:1	0.666667(0.968007:0.3766:0.655393)	-2609.47	NA	NA	NA	bacteria
